198
183 181 25.0
181 177 36.0
177 175 62.0
175 176 74.0
176 173 76.0
173 174 74.0
174 198 226.0
198 197 76.0
197 196 76.0
196 195 76.0
195 194 106.0
194 179 25.0
179 178 51.0
178 180 25.0
180 184 25.0
184 185 51.0
185 187 148.0
187 186 76.0
186 193 76.0
193 192 76.0
192 191 224.0
191 190 76.0
190 188 108.0
188 189 76.0
189 182 120.0
182 171 1363.0
171 172 114.0
172 166 150.0
166 165 25.0
165 164 76.0
164 163 51.0
163 151 57.0
151 150 51.0
150 145 36.0
145 144 36.0
144 137 71.0
137 129 87.0
129 128 78.0
128 127 60.0
127 170 25.0
170 126 68.0
126 125 38.0
125 169 25.0
169 124 80.0
124 134 144.0
134 132 25.0
132 131 25.0
131 130 25.0
130 133 25.0
133 135 25.0
135 136 25.0
136 141 36.0
141 140 25.0
140 142 25.0
142 143 25.0
143 146 25.0
146 149 25.0
149 147 36.0
147 148 25.0
148 153 25.0
153 152 25.0
152 162 25.0
162 161 25.0
161 160 44.0
160 159 108.0
159 158 51.0
158 157 25.0
157 156 25.0
156 155 25.0
155 154 25.0
154 139 166.0
139 138 114.0
138 123 162.0
123 121 85.0
121 122 51.0
122 115 40.0
115 116 25.0
116 117 25.0
117 118 51.0
118 119 25.0
119 120 25.0
120 168 342.0
168 167 127.0
167 108 148.0
108 109 36.0
109 110 25.0
110 111 25.0
111 107 36.0
107 106 25.0
106 112 25.0
112 113 25.0
113 114 25.0
114 105 36.0
105 104 51.0
104 103 25.0
103 102 57.0
102 93 25.0
93 94 25.0
94 101 25.0
101 95 36.0
95 96 51.0
96 90 36.0
90 89 25.0
89 97 36.0
97 98 25.0
98 88 25.0
88 99 80.0
99 87 25.0
87 84 25.0
84 72 36.0
72 68 25.0
68 73 36.0
73 70 23.0
70 67 23.0
67 60 25.0
60 59 25.0
59 56 25.0
56 55 25.0
55 44 25.0
44 45 76.0
45 54 25.0
54 61 25.0
61 66 25.0
66 74 25.0
74 83 25.0
83 82 25.0
82 75 36.0
75 62 51.0
62 53 25.0
53 52 51.0
52 65 51.0
65 81 57.0
81 76 36.0
76 77 25.0
77 64 36.0
64 78 25.0
78 80 57.0
80 91 25.0
91 92 25.0
92 79 25.0
79 63 76.0
63 49 36.0
49 48 36.0
48 50 36.0
50 51 51.0
51 47 36.0
47 39 25.0
39 35 57.0
35 34 80.0
34 33 25.0
33 46 76.0
46 36 57.0
36 37 25.0
37 32 25.0
32 38 57.0
38 31 36.0
31 29 57.0
29 30 36.0
30 28 36.0
28 27 51.0
27 26 25.0
26 25 36.0
25 21 51.0
21 24 36.0
24 22 57.0
22 23 51.0
23 20 163.0
20 19 76.0
19 18 51.0
18 17 152.0
17 16 25.0
16 15 102.0
15 14 36.0
14 40 152.0
40 41 102.0
41 42 127.0
42 43 25.0
43 57 57.0
57 58 25.0
58 69 25.0
69 71 25.0
71 85 36.0
85 100 51.0
100 86 36.0
86 13 227.0
13 12 25.0
12 11 25.0
11 10 25.0
10 9 25.0
9 8 51.0
8 5 353.0
5 4 51.0
4 3 76.0
3 6 51.0
6 7 76.0
7 2 51.0
2 1 1139.0
