52
11 52 399.0
52 14 319.0
14 13 206.0
13 47 324.0
47 26 186.0
26 27 126.0
27 28 110.0
28 12 182.0
12 51 188.0
51 33 475.0
33 43 365.0
43 10 308.0
10 9 83.0
9 8 183.0
8 41 64.0
41 19 92.0
19 45 75.0
45 32 151.0
32 49 50.0
49 1 64.0
1 22 46.0
22 20 224.0
20 50 35.0
50 44 175.0
44 34 80.0
34 35 21.0
35 36 15.0
36 39 43.0
39 40 43.0
40 37 41.0
37 38 43.0
38 48 49.0
48 24 16.0
24 5 32.0
5 15 25.0
15 6 40.0
6 4 70.0
4 25 109.0
25 46 173.0
46 16 156.0
16 29 201.0
29 30 260.0
30 23 179.0
23 31 152.0
31 18 80.0
18 3 135.0
3 17 217.0
17 21 253.0
21 42 290.0
42 7 76.0
7 2 45.0
