52
40 38 35.0
38 37 43.0
37 39 56.0
39 36 43.0
36 35 15.0
35 34 21.0
34 44 80.0
44 46 131.0
46 48 125.0
48 24 16.0
24 5 32.0
5 15 25.0
15 6 40.0
6 4 70.0
4 25 109.0
25 12 245.0
12 28 182.0
28 27 110.0
27 26 126.0
26 47 186.0
47 13 324.0
13 14 206.0
14 52 319.0
52 11 399.0
11 51 285.0
51 33 475.0
33 43 365.0
43 10 308.0
10 9 83.0
9 8 183.0
8 41 64.0
41 19 92.0
19 45 75.0
45 32 151.0
32 49 50.0
49 1 64.0
1 22 46.0
22 31 104.0
31 18 80.0
18 3 135.0
3 17 217.0
17 21 253.0
21 23 187.0
23 20 94.0
20 50 35.0
50 16 130.0
16 29 201.0
29 30 260.0
30 42 315.0
42 7 76.0
7 2 45.0
