129
116 100 49.0
100 31 51.0
31 17 22.0
17 34 32.0
34 27 52.0
27 19 28.0
19 15 51.0
15 29 32.0
29 24 35.0
24 95 31.0
95 79 21.0
79 87 81.0
87 12 1.0
12 81 40.0
81 103 49.0
103 77 45.0
77 119 117.0
119 84 51.0
84 36 2.0
36 32 25.0
32 113 13.0
113 94 89.0
94 89 40.0
89 110 47.0
110 98 40.0
98 25 46.0
25 48 16.0
48 68 49.0
68 63 38.0
63 43 90.0
43 104 36.0
104 127 42.0
127 107 36.0
107 70 80.0
70 97 31.0
97 7 45.0
7 26 64.0
26 88 98.0
88 86 54.0
86 69 56.0
69 64 23.0
64 124 85.0
124 129 36.0
129 61 71.0
61 109 26.0
109 11 50.0
11 5 31.0
5 76 67.0
76 45 50.0
45 16 40.0
16 128 32.0
128 105 31.0
105 62 20.0
62 28 85.0
28 115 46.0
115 112 66.0
112 117 37.0
117 39 59.0
39 41 29.0
41 1 37.0
1 71 66.0
71 130 35.0
130 50 25.0
50 2 40.0
2 54 75.0
54 35 48.0
35 4 51.0
4 20 80.0
20 118 31.0
118 80 20.0
80 46 16.0
46 18 54.0
18 8 34.0
8 108 3.0
108 114 30.0
114 3 29.0
3 83 44.0
83 30 55.0
30 59 28.0
59 90 80.0
90 125 8.0
125 85 24.0
85 78 132.0
78 121 64.0
121 126 69.0
126 21 80.0
21 33 16.0
33 93 78.0
93 37 43.0
37 22 8.0
22 40 23.0
40 47 3.0
47 23 29.0
23 13 101.0
13 67 28.0
67 96 11.0
96 14 40.0
14 10 6.0
10 102 130.0
102 6 30.0
6 55 121.0
55 122 32.0
122 44 89.0
44 42 31.0
42 51 44.0
51 60 13.0
60 120 51.0
120 53 26.0
53 91 156.0
91 72 76.0
72 49 60.0
49 58 7.0
58 106 63.0
106 38 73.0
38 92 74.0
92 73 75.0
73 99 37.0
99 74 40.0
74 75 8.0
75 52 29.0
52 65 77.0
65 56 32.0
56 9 43.0
9 57 19.0
57 82 60.0
82 101 82.0
101 111 40.0
111 123 7.0
