130
66 85 50.0
85 125 24.0
125 90 8.0
90 78 117.0
78 121 64.0
121 59 74.0
59 30 28.0
30 83 55.0
83 3 44.0
3 114 29.0
114 126 40.0
126 8 43.0
8 108 3.0
108 18 34.0
18 21 63.0
21 33 16.0
33 93 78.0
93 20 62.0
20 46 28.0
46 80 16.0
80 118 20.0
118 4 85.0
4 35 51.0
35 54 48.0
54 2 75.0
2 50 40.0
50 130 25.0
130 71 35.0
71 39 14.0
39 41 29.0
41 1 37.0
1 45 98.0
45 16 40.0
16 128 32.0
128 105 31.0
105 62 20.0
62 112 32.0
112 117 37.0
117 115 84.0
115 28 46.0
28 5 177.0
5 11 31.0
11 76 49.0
76 109 35.0
109 61 26.0
61 129 71.0
129 124 36.0
124 64 85.0
64 69 23.0
69 86 56.0
86 88 54.0
88 26 98.0
26 7 64.0
7 97 45.0
97 70 31.0
70 107 80.0
107 127 36.0
127 104 42.0
104 43 36.0
43 34 92.0
34 17 32.0
17 31 22.0
31 100 51.0
100 27 37.0
27 19 28.0
19 110 108.0
110 98 40.0
98 68 42.0
68 63 38.0
63 48 80.0
48 25 16.0
25 113 79.0
113 32 13.0
32 36 25.0
36 84 2.0
84 119 51.0
119 94 123.0
94 89 40.0
89 29 71.0
29 15 32.0
15 24 30.0
24 116 23.0
116 95 28.0
95 79 21.0
79 38 71.0
38 106 73.0
106 58 63.0
58 49 7.0
49 53 37.0
53 120 26.0
120 60 51.0
60 51 13.0
51 42 44.0
42 44 31.0
44 40 57.0
40 47 3.0
47 37 20.0
37 22 8.0
22 23 33.0
23 13 101.0
13 67 28.0
67 96 11.0
96 14 40.0
14 10 6.0
10 122 69.0
122 55 32.0
55 102 135.0
102 6 30.0
6 91 209.0
91 72 76.0
72 92 101.0
92 73 75.0
73 99 37.0
99 74 40.0
74 75 8.0
75 52 29.0
52 9 57.0
9 57 19.0
57 56 32.0
56 65 32.0
65 12 93.0
12 87 1.0
87 81 40.0
81 77 74.0
77 103 45.0
103 82 134.0
82 101 82.0
101 123 34.0
123 111 7.0
